image_width: 3840
image_height: 2160
camera_name: narrow_stereo
camera_matrix:
  rows: 3
  cols: 3
  data: [3265.521022, 0.000000, 1913.557122, 0.000000, 3264.979131, 1081.111452, 0.000000, 0.000000, 1.000000]
distortion_model: plumb_bob
distortion_coefficients:
  rows: 1
  cols: 5
  data: [0.015739, -0.009969, -0.000472, -0.002374, 0.000000]
rectification_matrix:
  rows: 3
  cols: 3
  data: [1.000000, 0.000000, 0.000000, 0.000000, 1.000000, 0.000000, 0.000000, 0.000000, 1.000000]
projection_matrix:
  rows: 3
  cols: 4
  data: [3282.003662, 0.000000, 1904.344560, 0.000000, 0.000000, 3288.866943, 1079.596028, 0.000000, 0.000000, 0.000000, 1.000000, 0.000000]
