image_width: 3840
image_height: 2160
camera_name: narrow_stereo
camera_matrix:
  rows: 3
  cols: 3
  data: [3378.268656, 0.000000, 1932.514483, 0.000000, 3373.651044, 1152.018625, 0.000000, 0.000000, 1.000000]
distortion_model: plumb_bob
distortion_coefficients:
  rows: 1
  cols: 5
  data: [0.035722, 0.067406, 0.003848, 0.001403, 0.000000]
rectification_matrix:
  rows: 3
  cols: 3
  data: [1.000000, 0.000000, 0.000000, 0.000000, 1.000000, 0.000000, 0.000000, 0.000000, 1.000000]
projection_matrix:
  rows: 3
  cols: 4
  data: [3466.628174, 0.000000, 1935.871500, 0.000000, 0.000000, 3460.373535, 1157.789324, 0.000000, 0.000000, 0.000000, 1.000000, 0.000000]
