# oST version 5.0 parameters


[image]

width
640

height
480

[narrow_stereo]

camera matrix
527.035788 0.000000 330.730214
0.000000 525.087822 240.689064
0.000000 0.000000 1.000000

distortion
0.019293 -0.098894 0.001509 0.007207 0.000000

rectification
1.000000 0.000000 0.000000
0.000000 1.000000 0.000000
0.000000 0.000000 1.000000

projection
522.692078 0.000000 335.639793 0.000000
0.000000 525.828308 241.266915 0.000000
0.000000 0.000000 1.000000 0.000000

