# oST version 5.0 parameters


[image]

width
640

height
480

[narrow_stereo]

camera matrix
876.322655 0.000000 291.931126
0.000000 874.567690 205.987419
0.000000 0.000000 1.000000

distortion
0.091490 -0.137957 0.005087 -0.005758 0.000000

rectification
1.000000 0.000000 0.000000
0.000000 1.000000 0.000000
0.000000 0.000000 1.000000

projection
889.924988 0.000000 289.748409 0.000000
0.000000 889.394897 207.595519 0.000000
0.000000 0.000000 1.000000 0.000000

